$ANSIBLE_VAULT;1.1;AES256
37353031346131313861613766633335373865636532396339626531393833623739343931633862
6666316135366439323634643638326130636565643738610a303233626533323038643966623335
35333137303430366166323534613533383430376261626239386664353631363432396330346331
3139313934666133360a303662396538366134626539653931626463306665396461643735646463
37313865336666613963323565613964646235356433393164366635313739366466333230363436
65633465346235633363343737323364303066653061303538626630386136373733636165336430
33326531663733376365303662343264356237313739613935316130306263363461613832633933
61393833303834613934353835363838323134653233316561653437633537343166363030376466
38393964336165306538333435343366373930666364663433333936353634313863643036306264
64306663653365323434383361393163623563373330663363663964646166303933323365303537
33393033326634343935373736623335393262663634626166306361323133663066306535346337
32633930616635376562366335613064336133303037376433663963623165303838373037666139
33353632363233383763663338633830303565663233656434323638663933303465636161376565
35353435356466373236656238613338303030316462656139663931343038633031316461376133
65356235336234653831646337316365346565373534323730323163303133616461386534656266
37366130316136373235373836336362353538646163353065343565636632626235656439653034
66333062343636633166386564366638343838393165666565356637663238333865326131326566
39613161336631383832386264653430663637343662333336393236313838666534633735316166
35653964303565663730306437383464623235613934666531363566663636313433613466333133
35623434616436663232663762383963386466613033636337666564623332613236653336363266
30656266616132616335386237653734306131643135356666396239343362653937666132346237
37366236646639303662376335653439633837653532616366623937623438396536333137333331
30663665383433633436383936323334303436306433333062623863303332316233613438396330
37653961363435323339366135623836646163383866363663336536303137613336313632346338
66386437666538396337613837633638356166626461313566373766316233363232
